  -9.7925169e-01   7.9151050e-02   1.7251076e+00
   3.7491843e-03  -4.2140144e-01  -4.6259640e-01
  -8.4534137e-03  -7.9389190e-01   7.8117812e-01
  -7.3234094e-01  -1.8796904e-02   2.6428115e-01
  -7.1577783e-01   2.6418337e-01   4.2438792e+00
  -5.6288265e-01  -9.2406157e-01  -1.9277400e+00
  -1.6298364e-01   2.1584088e-04   2.4415088e+00
  -5.0379766e-01  -8.3291314e-01  -2.7949291e+00
  -8.3188070e-01   5.8263647e-01   4.8975669e+00
  -3.0900272e-01   5.1607205e-01   6.1143978e+00
  -6.6644731e-01  -4.7545356e-01   5.4364512e-01
   7.5711817e-01  -7.9828282e-01   1.9912829e+00
   9.0192806e-01   8.3438541e-01   8.9678688e+00
  -9.2250325e-01   3.4920484e-02   2.2739298e+00
   3.9821478e-01  -7.3292065e-01   1.7231276e+00
   1.4551963e-01  -7.7491377e-01  -1.2367657e+00
   7.9601424e-01   6.8328230e-01   7.9905895e+00
   3.3379795e-01   9.2149473e-02   5.6776234e+00
   9.5675566e-02  -4.7796683e-01  -5.9081637e-01
   4.0485485e-01   1.5165104e-01   3.1555713e+00
  -2.2704566e-01  -3.7229479e-01   2.1061379e+00
   3.8887736e-01   5.8324637e-01   4.2782072e+00
   6.4974093e-01  -1.3818563e-02   3.3601535e+00
  -6.8663049e-02   9.3031637e-01   8.0157810e+00
   8.8104882e-01   4.0623889e-02   4.4007532e+00
   6.0747954e-01   8.0604319e-01   9.0350993e+00
   9.6671850e-01  -5.0039088e-01   2.0882648e+00
  -6.6072748e-01   4.2974606e-02   1.3717374e+00
   4.2169423e-02   1.1491367e-02   1.5677979e+00
   8.9103483e-01   6.2614296e-01   8.5451400e+00
   2.9908093e-01  -8.5361156e-01   1.9176574e+00
   7.2166385e-01   6.7241400e-01   5.8654125e+00
   9.4169202e-01   6.0847127e-01   6.5620634e+00
  -6.2891663e-01  -1.8735746e-01   1.6915531e+00
  -5.1376865e-01  -9.2709750e-01  -3.4195231e+00
   7.4680169e-01   5.3450821e-01   4.7625322e+00
   8.1255455e-01   3.5785514e-01   5.3628321e+00
   5.1655597e-01   8.3785778e-01   6.9309918e+00
  -3.0619609e-01   1.2037124e-01   3.0649622e+00
  -7.2930572e-02   9.3543792e-01   6.8076152e+00
   2.2107548e-01  -3.8323130e-01   1.2297345e+00
  -7.4365647e-03  -3.2222007e-01   1.3988510e+00
  -4.4051973e-02   4.6176362e-01   3.7663780e+00
  -1.2888907e-01   4.0273981e-01   3.1637216e+00
   7.4081659e-01   4.5069784e-01   7.3945266e+00
  -6.2528271e-01   7.8788549e-01   3.4593479e+00
   3.7534819e-01   4.3329817e-01   5.2887039e+00
   4.0705835e-01   3.6430554e-01   3.7614294e+00
   8.5040015e-01   6.8623368e-01   8.7108787e+00
  -9.2109036e-01   2.9023800e-01   3.6927310e+00
   2.9423343e-01  -3.9460222e-01   4.6915819e-01
   2.7610797e-01   6.5756240e-01   7.0663924e+00
  -7.6604675e-02  -5.1056090e-01   2.4978090e+00
  -8.9388115e-01   4.0756139e-01   2.3866070e+00
  -9.2285815e-01   7.1776482e-02   2.5498408e+00
  -6.6093717e-01  -2.3838096e-01   2.4201446e+00
   5.8909577e-01  -6.4276413e-01  -3.7305933e-01
  -6.7478791e-01   7.7166321e-01   3.8274123e+00
  -7.2252260e-01  -8.3953301e-01  -3.6571008e+00
  -2.9416609e-01   6.0717729e-01   3.6371440e+00
  -3.1003090e-02   3.6694070e-01   2.4505880e+00
   3.9547277e-01  -7.5979117e-02   1.6826272e+00
   6.0231286e-01   3.2809862e-01   6.1143906e+00
  -4.6645125e-01  -4.3466748e-01  -5.1667826e-01
   8.1895242e-01   7.2314955e-01   8.9081440e+00
  -9.5426610e-01  -6.4304089e-01  -2.1475083e+00
  -2.4975448e-01   1.5942156e-01   4.8234053e+00
  -6.0073334e-01  -7.2731235e-02   3.3155163e-02
  -3.1438954e-01   3.4644365e-01   3.9530155e+00
  -1.1177541e-01  -4.7751091e-02   1.7631828e+00
  -3.7207793e-03   9.0502231e-01   7.8372605e+00
  -1.7130735e-01   7.0651526e-01   4.8341528e+00
  -5.7148807e-01   7.9701421e-01   3.5291983e+00
  -5.6672057e-01  -9.4886179e-01  -2.1064982e+00
  -5.3538575e-01  -6.8715420e-01  -1.8198616e+00
   4.5817124e-01  -4.6203700e-02   4.7124601e+00
  -1.6816267e-01   4.6944368e-01   5.4851296e+00
   1.6779636e-01  -2.8738105e-01   2.2688796e-01
  -1.1326790e-02   1.2890727e-01   1.5049434e+00
  -1.3990637e-01  -9.0906100e-01   7.5596891e-01
   4.6953163e-01   2.8088261e-01   4.3540940e+00
   1.1243297e-01   3.6241276e-01   3.8600332e+00
  -3.9473872e-01  -2.0872505e-01   4.5932693e-01
   9.4159639e-01  -7.2665398e-01   9.5947264e-01
  -5.5031478e-01  -1.6708450e-01   2.3325097e+00
  -7.2246169e-01   4.7692567e-01   2.5157332e+00
   2.2986495e-01   1.6861527e-01   5.0101394e+00
  -1.6142121e-02   7.6686645e-01   6.7283367e+00
  -6.3369453e-01   1.5749922e-01   2.5647430e+00
  -7.8137897e-01  -6.4405908e-01  -4.0790215e-01
