  -3.5066326e+00  -3.4151034e+00
  -3.2512646e+00  -2.0592015e+00
  -2.8434631e+00  -8.0354223e-01
  -2.3955342e+00  -3.0489017e+00
  -2.3210002e+00  -2.6695378e+00
  -2.0990129e+00   2.9557761e-01
  -2.0732737e+00   4.7856174e-01
  -1.6329719e+00   7.6716811e-01
  -1.3670895e+00  -3.4657115e-01
  -4.9051224e-01   1.8731144e+00
  -1.2170547e-01   3.1987400e+00
   1.6657362e-01   3.3182741e+00
   5.9101628e-01   4.0939286e+00
   8.6195964e-01   4.4661411e+00
   9.1687133e-01   6.3153758e+00
   1.0897624e+00   3.9289594e+00
   1.3305400e+00   6.4117765e+00
   1.5548383e+00   6.9237934e+00
   2.4020908e+00   9.5049818e+00
   2.6499481e+00   6.4577155e+00
   2.6919665e+00   8.9723999e+00
   2.7218468e+00   8.9959096e+00
   3.6336579e+00   1.0114107e+01
   3.8238342e+00   8.8599061e+00
   4.3070318e+00   9.7683472e+00
   4.4820641e+00   1.0642254e+01
   4.8647197e+00   1.3907631e+01
   4.9096568e+00   1.1469738e+01
   4.9586763e+00   1.1472307e+01
   5.2502332e+00   1.2912134e+01
