  -1.8761983e+00   2.4978201e+00  -1.0000000e+00
  -6.7107907e+00   4.1084935e-01  -1.0000000e+00
  -1.0733277e+00   1.3932190e+00  -1.0000000e+00
  -2.0197026e+00   1.3714162e+00  -1.0000000e+00
  -2.0201684e+00   4.8518544e-01  -1.0000000e+00
  -2.2392005e+00   1.7217544e+00  -1.0000000e+00
  -3.8856042e+00   9.7556861e-01  -1.0000000e+00
  -1.2392514e+00   1.7086292e+00  -1.0000000e+00
  -2.8418750e+00  -7.9623886e-02  -1.0000000e+00
  -3.2846362e+00   7.4905584e-01  -1.0000000e+00
  -5.5606973e-01   2.1209552e+00  -1.0000000e+00
  -1.4088075e+00   2.1091237e+00  -1.0000000e+00
  -3.8719239e+00   1.3430464e+00  -1.0000000e+00
  -1.5356609e+00   2.7733750e+00  -1.0000000e+00
  -4.1048823e+00   2.0450356e+00  -1.0000000e+00
  -3.5138602e-01   3.9921651e+00  -1.0000000e+00
   6.6269828e-01   2.2393292e+00  -1.0000000e+00
  -1.6595805e+00   1.8045992e+00  -1.0000000e+00
  -3.0581648e-01   3.4159881e+00  -1.0000000e+00
  -6.7188053e+00  -7.5995888e-01  -1.0000000e+00
  -1.6027700e+00   4.1861577e+00  -1.0000000e+00
  -3.6602554e+00   3.6619982e-01  -1.0000000e+00
  -1.8588822e+00   2.6667182e+00  -1.0000000e+00
  -3.1803965e+00   2.2543926e+00  -1.0000000e+00
  -3.9073889e+00   2.0505472e+00  -1.0000000e+00
  -9.8819009e-01   7.4868311e-01  -1.0000000e+00
  -2.7706513e+00   1.0452806e+00  -1.0000000e+00
  -4.8877840e+00   1.0287624e+00  -1.0000000e+00
  -3.5005102e+00   1.2183940e+00  -1.0000000e+00
  -2.1850149e+00  -3.2737583e-01  -1.0000000e+00
  -1.7970381e+00   2.0219684e+00  -1.0000000e+00
  -3.3950872e+00   2.0692817e+00  -1.0000000e+00
  -6.0419323e-01   1.0226738e+00  -1.0000000e+00
  -1.7730105e+00   1.7784657e+00  -1.0000000e+00
  -1.5892405e+00   1.3298573e+00  -1.0000000e+00
  -2.4145885e+00   2.0125863e+00  -1.0000000e+00
   2.4236052e+00   5.0073036e+00  -1.0000000e+00
  -1.3671522e+00   2.3275533e+00  -1.0000000e+00
  -2.8324668e+00   2.7472973e+00  -1.0000000e+00
   2.3869715e-01   3.3957623e+00  -1.0000000e+00
   1.2631277e+00   3.2264487e+00  -1.0000000e+00
  -1.6277093e+00   3.2867546e+00  -1.0000000e+00
   4.0657194e+00   6.6338758e+00  -1.0000000e+00
  -2.3994779e+00   1.9705807e+00  -1.0000000e+00
  -1.3273956e+00   1.2381546e+00  -1.0000000e+00
  -2.2621233e+00   1.9483132e+00  -1.0000000e+00
  -1.9533181e+00   2.1053354e+00  -1.0000000e+00
   1.1028564e-02   3.3421820e+00  -1.0000000e+00
  -1.4643367e+00   2.6367570e+00  -1.0000000e+00
   2.2849983e+00   2.6194441e+00  -1.0000000e+00
  -1.2386688e+00   2.0348575e+00  -1.0000000e+00
  -6.2931045e+00   7.4906034e-02  -1.0000000e+00
  -2.8164644e+00   2.0369343e+00  -1.0000000e+00
   5.6514952e-01   4.3212762e+00  -1.0000000e+00
  -2.0187061e+00   2.4822338e+00  -1.0000000e+00
  -5.4587550e+00   5.8898433e-01  -1.0000000e+00
  -3.0649346e+00   2.7675113e+00  -1.0000000e+00
  -5.8856727e+00  -2.6886031e-01  -1.0000000e+00
   3.7704247e+00   5.1213822e+00  -1.0000000e+00
   1.2750366e+00   5.1564563e+00  -1.0000000e+00
   6.7770851e-01   4.2891824e+00  -1.0000000e+00
  -8.4252532e-01   2.4067859e+00  -1.0000000e+00
  -2.9186434e-02   4.1159617e+00  -1.0000000e+00
  -5.4569504e+00   3.5553471e-01  -1.0000000e+00
  -2.7987865e+00   2.5511378e+00  -1.0000000e+00
  -1.5091433e+00   1.6389122e+00  -1.0000000e+00
  -2.8113206e+00  -2.2278843e-01  -1.0000000e+00
  -6.4990007e+00   1.4748962e+00  -1.0000000e+00
   2.1314151e+00   3.3472899e+00  -1.0000000e+00
  -1.9958920e+00   3.0477013e+00  -1.0000000e+00
  -1.5886561e+00   2.2903650e+00  -1.0000000e+00
  -2.7793864e+00   1.5204457e+00  -1.0000000e+00
  -3.2296029e+00   1.2956591e+00  -1.0000000e+00
  -2.2404593e+00   3.7049350e+00  -1.0000000e+00
   1.8999795e+00   4.5483273e+00  -1.0000000e+00
  -1.3567400e+00   3.8227144e+00  -1.0000000e+00
  -2.5844731e+00   2.9590686e+00  -1.0000000e+00
  -4.1475611e+00   1.2349843e+00  -1.0000000e+00
  -4.0578799e-01   3.1383471e+00  -1.0000000e+00
  -2.8272573e+00   7.0898409e-01  -1.0000000e+00
  -8.3032481e-01   1.4890881e+00  -1.0000000e+00
  -4.1084084e+00   1.0420955e+00  -1.0000000e+00
  -6.2719875e-01   3.1960810e+00  -1.0000000e+00
  -2.5606383e+00   3.0954975e+00  -1.0000000e+00
  -1.6580545e+00   3.2272094e+00  -1.0000000e+00
  -2.3885925e+00   3.3751561e+00  -1.0000000e+00
  -2.4555384e+00   3.6995767e+00  -1.0000000e+00
  -1.2655022e+00   3.7960124e+00  -1.0000000e+00
   7.6775352e-01   4.7473922e+00  -1.0000000e+00
  -3.6941221e+00   4.2555586e-01  -1.0000000e+00
  -3.8196160e+00   1.1930104e+00  -1.0000000e+00
  -4.9395836e+00   3.9903101e-01  -1.0000000e+00
   1.1320870e+00   4.6435015e+00  -1.0000000e+00
  -2.6261867e-01   4.5493119e+00  -1.0000000e+00
  -2.8357439e+00   1.5389673e+00  -1.0000000e+00
  -2.4357921e+00   2.2030263e+00  -1.0000000e+00
  -6.4809592e-01   3.4011905e+00  -1.0000000e+00
  -2.5578357e-01   4.0031328e+00  -1.0000000e+00
  -3.7325697e+00   2.3619637e-01  -1.0000000e+00
   2.9194184e+00   5.4023832e+00  -1.0000000e+00
   2.3373564e-01   4.6630765e+00  -1.0000000e+00
  -3.8263082e+00   3.5054856e-01  -1.0000000e+00
   4.3980467e-01   1.6664460e+00  -1.0000000e+00
   8.1022626e-02   2.9456879e+00  -1.0000000e+00
  -6.9303349e-01   1.8176589e+00  -1.0000000e+00
  -1.3999414e+00   4.7301207e+00  -1.0000000e+00
  -2.7835202e+00   2.3364660e+00  -1.0000000e+00
   2.0174015e+00   5.7286925e+00  -1.0000000e+00
  -8.3367372e-01   3.1850700e+00  -1.0000000e+00
  -2.6312590e+00   1.5292002e+00  -1.0000000e+00
  -3.9838954e+00   3.8153164e-01  -1.0000000e+00
   2.7701627e+00   4.9159614e+00  -1.0000000e+00
  -2.6383995e+00   1.8246751e+00  -1.0000000e+00
  -1.2114281e+00   3.4788959e+00  -1.0000000e+00
  -1.3895392e+00   2.7176234e+00  -1.0000000e+00
   9.6803800e-01   3.7408505e+00  -1.0000000e+00
  -3.9528374e-01   2.7722420e+00  -1.0000000e+00
  -4.5659248e+00  -8.6535728e-01  -1.0000000e+00
  -1.0423156e+00   3.3263102e+00  -1.0000000e+00
  -1.6806399e+00   2.3531201e+00  -1.0000000e+00
  -6.3949793e-01  -4.3229110e-01   1.0000000e+00
   1.9688461e+00   1.5802831e+00   1.0000000e+00
   4.0303794e+00  -1.7911950e-02   1.0000000e+00
  -4.9408348e-01   2.3833044e+00   1.0000000e+00
   2.9349385e+00   6.6005499e-01   1.0000000e+00
   2.1056351e+00   8.9557215e-01   1.0000000e+00
  -8.6408274e-01  -3.1286206e+00   1.0000000e+00
   2.0782552e+00   9.3697572e-01   1.0000000e+00
   2.7056140e-01  -5.9326560e-01   1.0000000e+00
  -1.4548792e+00  -1.6423097e+00   1.0000000e+00
   7.6717630e-01   2.4529639e+00   1.0000000e+00
  -1.0541219e+00  -1.2519388e+00   1.0000000e+00
  -3.4273957e+00  -2.5975580e+00   1.0000000e+00
  -1.2599621e+00  -4.0881228e+00   1.0000000e+00
  -6.4574822e-01  -1.2337644e+00   1.0000000e+00
   1.7576157e-01  -2.5788620e-01   1.0000000e+00
   1.6805262e+00  -5.6907370e-01   1.0000000e+00
  -3.2639756e+00  -2.3381379e+00   1.0000000e+00
   1.6767953e+00   1.4368436e-01   1.0000000e+00
  -1.5100276e+00  -2.3113882e+00   1.0000000e+00
  -1.0620977e+00  -1.3974798e+00   1.0000000e+00
   1.7449646e+00  -1.8379392e-01   1.0000000e+00
   1.5463139e+00  -5.4166240e-01   1.0000000e+00
   2.1850789e+00   3.6624796e-01   1.0000000e+00
   1.5321387e+00  -2.3582824e+00   1.0000000e+00
   3.5472010e-01  -1.3741028e+00   1.0000000e+00
  -9.4286902e-01  -1.6093767e+00   1.0000000e+00
   1.0391838e+00   1.0254723e+00   1.0000000e+00
  -7.4783360e-01  -1.1178451e+00   1.0000000e+00
   7.0242970e-01  -9.8174870e-02   1.0000000e+00
   9.0361000e-01  -1.1688486e+00   1.0000000e+00
   2.3144629e+00  -1.9199343e-01   1.0000000e+00
  -6.2301932e-01  -1.7154578e+00   1.0000000e+00
   3.4821793e+00   2.2655060e+00   1.0000000e+00
   3.1601114e+00   4.1359744e-01   1.0000000e+00
   4.5223831e+00   2.3092689e+00   1.0000000e+00
   1.8124045e+00   4.9377461e-01   1.0000000e+00
   1.8568264e+00   9.9169548e-01   1.0000000e+00
   1.3965741e+00  -2.5048049e+00   1.0000000e+00
   2.6574770e+00   2.7616154e+00   1.0000000e+00
   3.1734470e+00   1.7659342e+00   1.0000000e+00
   8.0248730e-01  -9.5894330e-01   1.0000000e+00
  -1.1666196e+00  -3.1472902e+00   1.0000000e+00
   7.8818840e-01  -1.0829892e+00   1.0000000e+00
   2.1932080e-01  -7.5469520e-01   1.0000000e+00
  -1.3333359e+00  -1.6030325e+00   1.0000000e+00
   2.4105122e+00   5.8185200e-02   1.0000000e+00
   1.9674060e+00   1.7866139e+00   1.0000000e+00
   7.8324930e-01  -4.5049870e-01   1.0000000e+00
   4.2440210e-01  -2.6035670e-01   1.0000000e+00
   5.2932180e-01  -5.2765020e-01   1.0000000e+00
  -1.2410637e+00  -3.2875138e+00   1.0000000e+00
   1.4537917e-01  -1.0100667e+00   1.0000000e+00
   3.5103860e-01  -1.9801461e-01   1.0000000e+00
  -1.0657776e+00  -9.9374280e-01   1.0000000e+00
   4.9114206e+00   5.5818599e-01   1.0000000e+00
  -1.3623413e+00  -1.5403446e+00   1.0000000e+00
  -3.7854227e-01  -1.0333834e+00   1.0000000e+00
  -1.8441524e+00  -1.6248870e+00   1.0000000e+00
  -1.4568022e+00  -1.6313396e+00   1.0000000e+00
   3.0399192e+00   9.3845214e-01   1.0000000e+00
   1.3242095e-01  -4.1621500e-01   1.0000000e+00
   1.7134014e+00   1.4525173e+00   1.0000000e+00
  -7.3359821e-01  -1.7423409e+00   1.0000000e+00
  -1.6881933e+00  -9.1375590e-01   1.0000000e+00
   2.6884533e+00   1.7076695e-01   1.0000000e+00
   1.3585931e+00   2.4892688e-01   1.0000000e+00
  -1.3907487e+00  -2.0212490e+00   1.0000000e+00
   2.5639305e+00  -1.1032733e+00   1.0000000e+00
   2.2734719e+00   8.5498519e-01   1.0000000e+00
   5.8682270e-01  -9.3315320e-01   1.0000000e+00
  -1.5064997e-01  -9.3757520e-01   1.0000000e+00
  -1.3104474e+00  -2.5537168e+00   1.0000000e+00
   4.8768855e+00   6.9396391e-01   1.0000000e+00
   1.3787244e+00  -1.3783509e+00   1.0000000e+00
   8.3525000e-01   1.2234986e+00   1.0000000e+00
  -2.0716501e+00  -4.7149840e-01   1.0000000e+00
  -1.7235499e-01   9.5238697e-01   1.0000000e+00
   3.3421714e+00   4.4342231e-01   1.0000000e+00
   8.5403180e-01   4.4551792e-01   1.0000000e+00
  -7.7632654e-01  -1.7062552e+00   1.0000000e+00
  -3.3843872e+00  -1.6832186e+00   1.0000000e+00
  -7.1632077e-01  -1.5243760e+00   1.0000000e+00
  -1.4192096e+00  -7.2607660e-01   1.0000000e+00
  -1.4680777e+00  -2.7045458e+00   1.0000000e+00
  -2.6748460e-01  -2.6872290e-01   1.0000000e+00
  -7.4030062e-01  -2.7482930e+00   1.0000000e+00
  -3.2548081e+00  -1.2754453e+00   1.0000000e+00
  -2.7781808e+00  -2.6819161e+00   1.0000000e+00
   5.4417690e-01  -2.8018685e+00   1.0000000e+00
  -1.0692347e+00  -2.6248425e+00   1.0000000e+00
   3.5738783e+00   1.0224012e+00   1.0000000e+00
  -9.0844392e-01  -1.5905783e+00   1.0000000e+00
   1.9850259e-01  -1.4957158e+00   1.0000000e+00
   1.4001380e-01  -1.5277070e+00   1.0000000e+00
  -9.4238440e-01  -1.1432455e+00   1.0000000e+00
  -1.3592875e-01  -5.5924680e-01   1.0000000e+00
  -2.3043655e+00  -2.9403095e+00   1.0000000e+00
  -1.3615989e+00  -6.2900650e-01   1.0000000e+00
  -2.8697784e+00  -3.6186867e+00   1.0000000e+00
   1.9518829e+00  -6.5778430e-01   1.0000000e+00
   1.7824487e+00  -2.2764111e+00   1.0000000e+00
  -9.0723291e-01  -1.4215265e+00   1.0000000e+00
   4.1288060e+00   1.8752329e+00   1.0000000e+00
  -8.2919767e-01  -8.2936460e-01   1.0000000e+00
   1.2514861e+00  -4.5451080e-01   1.0000000e+00
   6.8579170e-01  -1.6138484e+00   1.0000000e+00
  -6.9762386e-01  -1.3625702e+00   1.0000000e+00
   1.8796328e+00  -4.9170330e-01   1.0000000e+00
   3.8839739e+00   7.3123363e-01   1.0000000e+00
  -2.9034978e+00  -2.7929779e+00   1.0000000e+00
   5.2169900e-01   1.5794891e+00   1.0000000e+00
   4.9716090e+00   1.1832338e+00   1.0000000e+00
  -1.1369888e+00  -2.3714622e+00   1.0000000e+00
  -1.2397794e+00  -7.8018680e-01   1.0000000e+00
   6.0265920e-01   3.3564098e-01   1.0000000e+00
   1.9011520e+00   7.7236129e-01   1.0000000e+00
  -4.3673768e-01  -1.0359503e+00   1.0000000e+00
  -1.3946857e-01  -1.5857825e+00   1.0000000e+00
   1.1342476e+00  -7.9461830e-01   1.0000000e+00
  -4.5868005e+00  -3.3894166e+00   1.0000000e+00
   2.9653897e+00  -2.9126710e-01   1.0000000e+00
  -2.0120503e-01  -1.4960969e+00   1.0000000e+00
   1.1223259e+00  -2.1345548e+00   1.0000000e+00
   1.1973744e+00  -1.5634156e+00   1.0000000e+00
  -2.5797541e+00  -1.1826059e+00   1.0000000e+00
   3.7143675e+00  -9.1522890e-02   1.0000000e+00
   1.9757739e+00  -1.4599798e-01   1.0000000e+00
  -3.2464253e-01  -8.6835910e-01   1.0000000e+00
  -6.4265421e-01  -3.2118420e-01   1.0000000e+00
  -1.1822174e+00  -2.0892899e+00   1.0000000e+00
  -1.3793370e+00  -2.4250604e+00   1.0000000e+00
   2.0058276e+00   1.5019386e+00   1.0000000e+00
   2.2771538e+00  -3.8032730e-02   1.0000000e+00
  -8.8681201e-01  -2.1822792e+00   1.0000000e+00
  -2.1167277e-01  -1.7370761e+00   1.0000000e+00
  -4.7843219e-01  -1.4954889e+00   1.0000000e+00
   4.2503365e+00  -2.7095790e-02   1.0000000e+00
  -1.7994646e+00  -2.1657816e+00   1.0000000e+00
  -2.6058778e+00  -2.8037341e+00   1.0000000e+00
   1.4063608e+00   3.0709658e-01   1.0000000e+00
  -1.1426506e+00  -1.6864492e+00   1.0000000e+00
  -9.1841995e-01  -7.7353250e-01   1.0000000e+00
   3.1480665e+00   2.6841000e-02   1.0000000e+00
  -8.5667236e-01  -1.7905011e+00   1.0000000e+00
   1.3769230e+00   1.1368881e+00   1.0000000e+00
   1.2303734e+00   3.9598081e-01   1.0000000e+00
  -1.1597636e+00  -1.2295585e+00   1.0000000e+00
  -2.7646422e-01  -7.7873590e-01   1.0000000e+00
  -2.9191014e-01  -2.5316895e+00   1.0000000e+00
   2.5885285e+00  -1.7409843e+00   1.0000000e+00
  -3.8259111e+00  -2.2062207e+00   1.0000000e+00
  -2.9332730e-01  -2.3989821e+00   1.0000000e+00
  -3.9433265e-01  -2.4244050e+00   1.0000000e+00
  -1.3984273e+00  -6.9638770e-01   1.0000000e+00
   8.5892720e-01   1.0494086e+00   1.0000000e+00
   8.0396820e-01   9.6978635e-01   1.0000000e+00
   5.4198650e-01  -5.3971600e-01   1.0000000e+00
  -1.0348169e+00  -1.6327796e+00   1.0000000e+00
   6.8812060e-01  -7.6760600e-01   1.0000000e+00
   1.7392288e+00  -6.7060180e-01   1.0000000e+00
   1.6400116e+00   1.0850756e+00   1.0000000e+00
   7.3043970e-01  -1.4160703e-01   1.0000000e+00
   2.4287060e+00   2.1335760e+00   1.0000000e+00
  -6.7130875e+00  -5.5372135e+00   1.0000000e+00
  -2.1073913e+00  -1.6160350e+00   1.0000000e+00
   2.1643969e+00   7.5993315e-01   1.0000000e+00
   1.2920587e-01  -1.2951405e+00   1.0000000e+00
   4.3836700e-02  -5.2926160e-01   1.0000000e+00
   9.0066370e-01  -1.5344762e+00   1.0000000e+00
  -1.2567955e-01  -1.4625785e+00   1.0000000e+00
   1.6547625e+00  -8.9958370e-01   1.0000000e+00
  -2.2411597e-01  -2.5597670e-01   1.0000000e+00
   1.3585637e+00  -8.7046950e-01   1.0000000e+00
   1.0595650e+00  -6.4990050e-01   1.0000000e+00
   2.2256984e+00  -1.7260077e-01   1.0000000e+00
   3.7146570e-01  -2.1518973e+00   1.0000000e+00
   2.6766311e+00   1.5219832e+00   1.0000000e+00
   9.6082370e-01   5.3726803e-01   1.0000000e+00
  -2.8266392e+00  -2.8291206e+00   1.0000000e+00
