   2.1032715e+00   1.1401593e+02
   1.4693684e+00   1.0182747e+02
   9.5402327e-01   6.5583573e+01
  -8.4061744e-01   3.0475925e+01
   1.5682791e+00   9.8866598e+01
   8.8657653e-01   7.2578190e+01
   1.1466910e+00   9.4678456e+01
   5.4708047e+00   2.1139887e+02
  -1.0448578e+00   2.1640519e+01
   2.8094806e+00   1.2562212e+02
   5.5232537e+00   2.1868758e+02
   5.3705204e+00   2.1774688e+02
   5.6305486e-01   7.2191123e+01
   4.2822846e+00   1.7659141e+02
   1.2257047e+00   9.7068713e+01
   7.6047477e-01   7.0947616e+01
   2.6196256e+00   1.2388921e+02
   3.4230830e+00   1.4769737e+02
   4.6629094e+00   2.0774652e+02
  -1.5019675e+00  -2.4422954e+00
   4.6767158e+00   2.0833585e+02
   1.5522139e+00   1.0584168e+02
   1.7724608e+00   1.0400411e+02
  -9.1763891e-01   3.3713698e+01
  -9.9696971e-01   1.1331953e+01
   4.0267425e+00   1.7280888e+02
  -4.6065583e-01   4.9810158e+01
   3.6383141e+00   1.5958018e+02
  -3.4337046e-01   3.5502877e+01
   2.1948632e+00   1.2953906e+02
  -8.5837622e-01   2.0655908e+01
   9.1675461e-01   8.5524535e+01
  -4.4575662e-01   2.9313549e+01
   8.6771248e-01   8.3063041e+01
  -1.7735596e+00   1.7067981e+00
   8.6293704e-01   8.1936554e+01
   5.0627401e+00   2.1996595e+02
   8.4942679e-01   7.0017370e+01
   2.4392398e+00   1.1925095e+02
  -3.3566242e-01   4.1550628e+01
   2.4597773e+00   1.2429247e+02
   2.7670968e+00   1.2301288e+02
   1.9489618e+00   1.0367075e+02
   3.5280987e+00   1.6970019e+02
   9.3902663e-01   7.9936670e+01
   1.3147826e+00   1.0407502e+02
   2.0694620e-01   5.6958437e+01
  -1.5252682e-01   3.9577876e+01
   1.2323243e+00   9.4482404e+01
   4.5378299e+00   1.8057596e+02
  -1.5750271e+00   1.0622129e+01
   4.4718875e+00   1.9242913e+02
   3.1672616e+00   1.5630530e+02
   9.8863282e-01   8.7967011e+01
  -1.9412108e+00  -9.9122994e+00
   5.4823941e+00   2.2219225e+02
   4.7616488e+00   1.9397783e+02
  -1.8407716e+00  -6.4945377e+00
  -4.3004298e-01   3.0172213e+01
  -1.1681603e+00   1.6525782e+01
   3.1465211e-02   6.1609674e+01
   5.9891028e+00   2.2385391e+02
   3.4339918e+00   1.4558059e+02
   1.1818294e+00   9.0413929e+01
   5.5360553e+00   2.1592284e+02
   4.5692649e+00   1.8277743e+02
   4.5766025e+00   1.9547053e+02
   1.2033889e+00   9.9896660e+01
   1.5567358e+00   9.0978783e+01
   3.4279240e+00   1.5296314e+02
   4.8184067e+00   2.0297780e+02
   7.1295021e-01   7.4179538e+01
   4.3873538e+00   1.7196302e+02
   1.5141572e+00   1.0608980e+02
   3.6846177e-01   7.1685958e+01
   5.7513907e+00   2.3438023e+02
   5.1621232e+00   2.1679028e+02
   7.9899898e-01   7.0178622e+01
  -9.2833156e-01   1.9464447e+01
   2.9133650e+00   1.3628523e+02
  -5.4594403e-01   4.1771008e+01
  -9.4332633e-01   3.3935468e+01
  -9.9230516e-01   5.4657413e+00
   4.4134260e+00   1.9600851e+02
   3.9937205e+00   1.6053392e+02
  -1.6306954e+00   1.0334683e+01
  -8.1122859e-02   4.2115573e+01
   4.0965141e+00   1.6241075e+02
   2.1702641e+00   1.0838714e+02
   2.5502124e+00   1.2688252e+02
