  -1.2801020e-01   2.4329034e-03  -3.4028427e+00
  -9.4814754e-01   1.2173667e-02  -3.9284382e+00
   9.9324956e-02  -5.6235843e-01  -3.7391634e+00
  -1.2935521e-01  -9.9067295e-01  -4.8043659e+00
  -1.5926440e-01  -1.6432751e-01  -3.2397344e+00
  -3.3933036e-01   1.2675222e-01  -3.0138171e+00
  -5.9070273e-01   7.5312374e-01  -2.1974840e+00
   2.3854193e-01   3.5516968e-01  -1.6390999e+00
  -4.0069065e-01   6.8466609e-01  -1.9546488e+00
  -4.6634545e-01   8.5232257e-01  -1.4002995e+00
   2.4226767e-01   8.8223175e-01  -9.2984280e-01
   5.8284189e-02   6.3203830e-01  -1.2364567e+00
  -7.3084011e-01  -7.3721079e-01  -4.7438715e+00
   2.7156243e-02  -3.0673997e-01  -4.0415567e+00
  -6.3112027e-01  -5.8299501e-01  -4.9287071e+00
   5.7067030e-01   7.3476307e-01  -1.2518285e+00
   7.0795059e-01   5.8466044e-01  -1.2850089e+00
  -1.1526325e-02  -3.0199672e-01  -3.7427483e+00
   6.9312297e-01   1.3828106e-01  -1.8321155e+00
  -8.4070905e-01   6.1026308e-01  -2.6850905e+00
   1.0492180e-02   6.6632249e-01  -1.7040452e+00
  -8.6942699e-01  -5.8841265e-01  -4.6669653e+00
  -1.4375534e-01   4.6136040e-01  -1.7697408e+00
  -8.0693817e-01   6.0682833e-01  -2.7759982e+00
  -7.4568006e-01  -9.1374193e-01  -5.6380413e+00
   1.9349062e-01  -7.8562519e-01  -3.9436230e+00
  -5.4797600e-01  -1.2983270e-01  -3.3255627e+00
  -7.8610863e-01  -5.5823756e-01  -4.6401532e+00
  -5.5938759e-01   7.6124413e-01  -1.9576974e+00
  -3.0034743e-01   4.3937508e-01  -2.3801206e+00
  -6.4425031e-02   4.2601459e-01  -1.9414179e+00
  -5.9651355e-01   5.3971931e-01  -2.5674499e+00
   2.8081345e-01  -3.3850595e-01  -3.8451413e+00
  -3.3860329e-02  -5.4277950e-01  -4.0666394e+00
   1.0473440e-02   2.5268792e-01  -2.6879458e+00
  -2.2621470e-01  -1.7104150e-01  -3.0897141e+00
   5.8727491e-01   8.7356214e-01  -9.9754768e-01
   1.6000836e-01   2.8490484e-01  -1.9260899e+00
  -6.7540280e-01  -2.2619931e-01  -4.5554761e+00
   4.0150469e-01   7.1023932e-01  -1.5372753e+00
   9.2910216e-01  -2.3841483e-01  -2.6014425e+00
   1.6722340e-05  -6.4338034e-01  -4.0935707e+00
   7.7904013e-01   5.6331885e-01  -7.8180447e-01
  -3.1677269e-01  -5.5582825e-02  -3.9140345e+00
   1.3428826e-01  -4.8103919e-01  -3.3980530e+00
  -1.4490807e-01   3.8479849e-01  -2.4010060e+00
  -1.2650547e-01   9.6097016e-01  -1.4616061e+00
   5.5311837e-01  -5.0749282e-01  -3.9582938e+00
   7.1208347e-02   5.8048761e-01  -1.4525461e+00
   9.0748445e-01   5.2467049e-01  -1.3450789e+00
   8.8416320e-02  -7.5992042e-01  -4.7944622e+00
  -8.3581016e-01   6.7780519e-01  -2.8929442e+00
  -2.6731520e-01  -7.6522190e-02  -3.4474912e+00
   7.0170101e-01  -7.4843723e-01  -3.9888502e+00
  -1.8744991e-01   7.2686946e-02  -3.2384902e+00
  -9.4559527e-01  -4.0697450e-01  -4.8148624e+00
  -5.0564552e-01  -6.4855161e-01  -4.9691022e+00
  -8.6571126e-01  -8.4152366e-01  -5.3708151e+00
   9.8770402e-01  -6.0220182e-01  -2.7184201e+00
   9.4116063e-01  -1.4082276e-01  -2.1408982e+00
   6.0051670e-01   2.8362353e-01  -2.3266639e+00
   2.0363424e-01  -8.2524164e-01  -4.7041299e+00
   5.2991972e-01   4.3146118e-01  -1.1858332e+00
  -6.6154911e-01  -7.9651038e-01  -5.2922323e+00
  -4.1395354e-01  -6.4880186e-01  -4.3955777e+00
   4.8133751e-02   4.2664312e-01  -2.0187293e+00
  -2.8675144e-01   7.7052735e-01  -1.6615187e+00
  -9.0864207e-01   9.6627672e-01  -2.3411418e+00
   9.6630689e-01   3.0581390e-01  -1.4972291e+00
  -1.1729016e-01  -4.4527294e-02  -2.8104909e+00
   8.0008788e-03  -8.2442489e-01  -4.2421496e+00
  -3.5291736e-01   1.1790159e-01  -3.1539012e+00
  -4.8051049e-01  -6.3769954e-01  -4.5094380e+00
  -2.2622023e-01   2.8804121e-02  -3.1210161e+00
   6.6403380e-01   2.1786030e-01  -2.3471694e+00
   4.7349411e-01   6.6642498e-01  -1.5542388e+00
  -2.4157887e-01  -3.5249884e-01  -3.8269435e+00
  -9.7396533e-01   9.7772419e-01  -2.4658874e+00
   5.9480988e-01   9.8990052e-01  -8.1175516e-01
  -4.6122240e-01   6.5230164e-01  -1.8298105e+00
   1.6536978e-01   3.8830509e-01  -2.2421279e+00
  -9.4889812e-01   4.6733960e-01  -2.7155063e+00
   3.2440404e-01   7.5053762e-01  -1.5734107e+00
  -2.2495315e-01   9.0302030e-01  -1.6909598e+00
  -5.8524025e-03   7.0452585e-01  -1.6541572e+00
  -1.7018833e-01   2.8187728e-01  -2.3114356e+00
  -2.9825620e-01  -8.5300323e-01  -5.2131465e+00
   1.0195581e-01   2.4676943e-01  -2.7043090e+00
   9.4582138e-01  -2.9357222e-01  -2.8717108e+00
  -7.7444757e-01  -6.7044275e-01  -5.1705162e+00
  -3.7348294e-01   7.8633237e-01  -1.3946448e+00
  -9.1640458e-01   6.4978096e-01  -2.5828281e+00
   4.7679952e-01   5.3276848e-02  -2.0934329e+00
   3.1502478e-01  -7.3101488e-02  -3.1152620e+00
  -5.7072851e-01  -2.1397424e-02  -3.1252681e+00
  -1.6649312e-01  -4.7855996e-01  -4.1928751e+00
   2.8768387e-01  -1.9472415e-01  -3.3130761e+00
   3.2296265e-01  -1.2666024e-01  -2.5985742e+00
  -6.5904573e-01  -9.6988773e-01  -5.3756953e+00
   7.6330447e-01   7.8581177e-01  -5.6072506e-01
   5.5601632e-01  -9.4170136e-01  -4.8153352e+00
  -7.3209158e-01  -2.5421423e-01  -4.5782104e+00
   7.3783325e-01  -8.0825337e-01  -3.4755280e+00
   4.9755576e-01  -6.0607136e-01  -3.3132668e+00
   5.9717131e-01   8.8484122e-01  -2.2383677e-01
   8.6690461e-02  -2.5745766e-01  -3.6672084e+00
  -5.5832417e-01   4.5800160e-01  -2.9821086e+00
   8.3691729e-01  -7.4767978e-01  -3.5590422e+00
   1.8416916e-01  -4.9743416e-01  -3.5507806e+00
  -3.0752418e-01   7.6247059e-01  -2.2089220e+00
  -4.7244294e-01   8.0659230e-01  -1.5647871e+00
   8.2783095e-01  -4.2472948e-01  -2.8871901e+00
  -1.6052908e-01   9.3422626e-01  -1.6116860e+00
   8.0383031e-02   3.3619867e-01  -2.3333846e+00
   2.1688432e-01   6.0135471e-03  -2.8306763e+00
   6.5249966e-01  -2.4399518e-01  -2.8669380e+00
   2.4712637e-01  -3.2526341e-01  -3.4536583e+00
  -6.4657568e-01   9.0402141e-01  -1.9063299e+00
   1.8251471e-01   3.8666766e-01  -2.0472620e+00
  -2.1467666e-02   6.8203400e-02  -2.8835851e+00
   9.5815560e-02  -9.1302060e-01  -5.2130849e+00
   3.9904124e-01  -5.0489825e-01  -4.0352555e+00
  -5.0837767e-01   8.8634145e-01  -2.0559891e+00
  -6.2674571e-01   1.1372033e-01  -2.9579657e+00
  -7.7883370e-01  -2.8496354e-01  -4.2754250e+00
  -4.5188149e-01  -9.8109925e-01  -5.2183531e+00
  -9.7949992e-01  -4.9290347e-01  -4.5409874e+00
   2.5871945e-01  -4.9154662e-01  -3.3528749e+00
  -4.0965539e-01  -6.5862895e-01  -4.8461961e+00
  -6.2542691e-01  -3.1004008e-01  -4.6256264e+00
  -8.0942390e-01  -5.9470190e-01  -5.1542637e+00
  -4.3248839e-01  -8.7419692e-01  -5.1760206e+00
  -5.7015123e-01  -8.0407921e-01  -4.9615142e+00
  -4.2879253e-01  -6.5449954e-03  -3.3479265e+00
  -5.7180285e-02  -8.6067882e-01  -4.9994378e+00
   9.8993642e-02   8.7030713e-01  -1.4123640e+00
   6.9022623e-01  -5.8780473e-01  -3.5656143e+00
   9.7701940e-01  -7.1575300e-02  -2.5607067e+00
  -9.0226383e-01  -1.7066349e-01  -4.3078441e+00
  -5.3576350e-01  -4.1732456e-01  -3.9255068e+00
   2.8662285e-01  -3.5294297e-01  -3.7778274e+00
  -6.7706687e-01  -5.7680483e-01  -5.3111378e+00
   7.4029179e-01  -4.3946342e-01  -3.0520506e+00
  -5.6519515e-01  -7.6578993e-01  -5.3826281e+00
   4.8351008e-01   3.7850375e-01  -1.3781877e+00
   3.0604103e-01   2.8905238e-01  -1.8824022e+00
   5.9777102e-01  -3.7694119e-01  -2.9354640e+00
  -9.3750488e-01   7.6059791e-01  -2.7138846e+00
  -5.4085194e-01  -2.2724855e-01  -3.8630381e+00
   4.0925500e-01   2.2217860e-01  -2.6088364e+00
  -8.2487498e-01   4.6338652e-02  -3.6866582e+00
  -9.3882103e-01  -3.4988639e-01  -4.6473375e+00
  -2.8573013e-01   8.5958085e-01  -1.4219581e+00
   1.7956398e-01   6.9640282e-01  -1.3054451e+00
  -8.9555455e-01   6.8224590e-01  -2.5813238e+00
  -8.6867267e-01   9.0857727e-01  -1.8204227e+00
  -9.1299763e-01  -9.9503515e-01  -6.4011440e+00
  -2.0969848e-01  -1.5761800e-02  -3.3998490e+00
   3.3685409e-01   8.7582624e-01  -1.0110392e+00
  -6.0394578e-01  -7.3114648e-01  -5.4982606e+00
   7.5253290e-01  -5.1001172e-01  -3.1115433e+00
  -1.3522181e-01   1.0123841e-02  -2.9467106e+00
   2.3928293e-01   3.5684302e-01  -2.0953443e+00
  -4.1914651e-01  -3.3448008e-01  -4.5477953e+00
   2.3050915e-01  -3.8727066e-01  -3.7187641e+00
   9.0731992e-01   5.5159582e-01  -1.4764865e+00
  -1.0397057e-01  -9.3429212e-01  -5.3143596e+00
  -5.8590032e-01   5.7159573e-01  -2.0177728e+00
  -1.4926542e-01  -1.4291944e-01  -2.9394473e+00
  -1.1085147e-01   2.5801891e-01  -2.5666071e+00
   1.5234973e-02   4.1100605e-01  -2.5017985e+00
   5.1466500e-02  -8.0306274e-01  -4.1458302e+00
  -9.1514162e-01   8.0769233e-01  -2.4967107e+00
  -6.7116183e-01   6.4462494e-01  -1.9883185e+00
  -9.9545641e-02  -2.4923713e-01  -3.1259864e+00
   4.1594234e-01  -6.1041134e-01  -3.8252761e+00
   5.5517582e-01  -8.7438912e-01  -4.0606654e+00
   5.5420600e-01  -3.8278215e-01  -2.9085860e+00
   5.5575050e-03   4.2638392e-01  -2.4838614e+00
   9.1349519e-01   6.2636343e-01  -4.1820282e-01
  -3.3625257e-01  -3.4682340e-01  -4.2100234e+00
  -3.7083675e-02  -5.5942023e-01  -3.7575802e+00
   4.9674800e-01  -3.4521163e-01  -3.6093051e+00
   7.1567904e-01   9.2873367e-01  -5.2629073e-01
  -1.7107989e-01  -8.0781860e-01  -4.6749328e+00
   6.9736903e-01  -6.7563310e-01  -4.0730074e+00
  -1.1085812e-01   3.8847824e-01  -2.4373812e+00
   4.3149417e-01  -7.2047300e-01  -3.8842314e+00
  -9.8310327e-01  -4.6674821e-01  -5.0153509e+00
  -9.4959715e-01   6.0635174e-01  -2.2483213e+00
   8.8090099e-01  -3.9877643e-01  -2.6963939e+00
  -7.9572410e-01   1.9403310e-01  -2.9616808e+00
   3.2393558e-01   1.4562458e-01  -2.3882644e+00
  -4.3348251e-01  -4.6911306e-01  -4.3022972e+00
  -5.9831531e-01  -5.0253142e-01  -4.9232982e+00
  -2.2333164e-01  -4.2064902e-01  -4.3905933e+00
   8.5180319e-01   7.5188014e-01  -6.0822098e-01
   1.4054842e-01  -9.6248371e-01  -4.3523684e+00
   8.3342922e-01  -8.1672718e-01  -3.9663534e+00
   4.0452848e-01  -3.1758008e-01  -3.0502402e+00
