  -1.2801020e-01   2.4329034e-03   4.0564883e+00
  -9.4814754e-01   1.2173667e-02   4.9339619e+00
   9.9324956e-02  -5.6235843e-01   5.1031598e+00
  -1.2935521e-01  -9.9067295e-01   6.3588002e+00
  -1.5926440e-01  -1.6432751e-01   3.8719312e+00
  -3.3933036e-01   1.2675222e-01   4.6588951e+00
  -5.9070273e-01   7.5312374e-01   7.0420240e+00
   2.3854193e-01   3.5516968e-01   4.7244071e+00
  -4.0069065e-01   6.8466609e-01   6.3544054e+00
  -4.6634545e-01   8.5232257e-01   7.6552359e+00
   2.4226767e-01   8.8223175e-01   5.6902211e+00
   5.8284189e-02   6.3203830e-01   5.1714573e+00
  -7.3084011e-01  -7.3721079e-01   5.1186685e+00
   2.7156243e-02  -3.0673997e-01   4.5440264e+00
  -6.3112027e-01  -5.8299501e-01   4.7461902e+00
   5.7067030e-01   7.3476307e-01   5.0826687e+00
   7.0795059e-01   5.8466044e-01   4.2600099e+00
  -1.1526325e-02  -3.0199672e-01   4.7406447e+00
   6.9312297e-01   1.3828106e-01   4.0020374e+00
  -8.4070905e-01   6.1026308e-01   7.2905597e+00
   1.0492180e-02   6.6632249e-01   5.4716966e+00
  -8.6942699e-01  -5.8841265e-01   5.1962162e+00
  -1.4375534e-01   4.6136040e-01   4.3575826e+00
  -8.0693817e-01   6.0682833e-01   6.7593483e+00
  -7.4568006e-01  -9.1374193e-01   5.7680701e+00
   1.9349062e-01  -7.8562519e-01   5.8782618e+00
  -5.4797600e-01  -1.2983270e-01   4.1550250e+00
  -7.8610863e-01  -5.5823756e-01   4.3604275e+00
  -5.5938759e-01   7.6124413e-01   6.9967938e+00
  -3.0034743e-01   4.3937508e-01   5.1422815e+00
  -6.4425031e-02   4.2601459e-01   5.0170034e+00
  -5.9651355e-01   5.3971931e-01   5.7612580e+00
   2.8081345e-01  -3.3850595e-01   4.4783896e+00
  -3.3860329e-02  -5.4277950e-01   4.5520940e+00
   1.0473440e-02   2.5268792e-01   4.6103854e+00
  -2.2621470e-01  -1.7104150e-01   4.3347410e+00
   5.8727491e-01   8.7356214e-01   5.5323883e+00
   1.6000836e-01   2.8490484e-01   4.4968562e+00
  -6.7540280e-01  -2.2619931e-01   4.2277650e+00
   4.0150469e-01   7.1023932e-01   5.3135588e+00
   9.2910216e-01  -2.3841483e-01   5.2155447e+00
   1.6722340e-05  -6.4338034e-01   4.8057614e+00
   7.7904013e-01   5.6331885e-01   4.4217562e+00
  -3.1677269e-01  -5.5582825e-02   4.4253311e+00
   1.3428826e-01  -4.8103919e-01   4.4441745e+00
  -1.4490807e-01   3.8479849e-01   4.3861261e+00
  -1.2650547e-01   9.6097016e-01   6.9269409e+00
   5.5311837e-01  -5.0749282e-01   5.8401918e+00
   7.1208347e-02   5.8048761e-01   5.1354593e+00
   9.0748445e-01   5.2467049e-01   4.6565768e+00
   8.8416320e-02  -7.5992042e-01   5.4761215e+00
  -8.3581016e-01   6.7780519e-01   6.8788187e+00
  -2.6731520e-01  -7.6522190e-02   4.4870821e+00
   7.0170101e-01  -7.4843723e-01   7.5986389e+00
  -1.8744991e-01   7.2686946e-02   3.7283659e+00
  -9.4559527e-01  -4.0697450e-01   4.4802304e+00
  -5.0564552e-01  -6.4855161e-01   4.8073627e+00
  -8.6571126e-01  -8.4152366e-01   5.2392910e+00
   9.8770402e-01  -6.0220182e-01   7.5159561e+00
   9.4116063e-01  -1.4082276e-01   4.8319118e+00
   6.0051670e-01   2.8362353e-01   3.8443344e+00
   2.0363424e-01  -8.2524164e-01   6.8867473e+00
   5.2991972e-01   4.3146118e-01   4.3382436e+00
  -6.6154911e-01  -7.9651038e-01   5.7544254e+00
  -4.1395354e-01  -6.4880186e-01   4.6979232e+00
   4.8133751e-02   4.2664312e-01   4.3909472e+00
  -2.8675144e-01   7.7052735e-01   6.1191314e+00
  -9.0864207e-01   9.6627672e-01   9.2168449e+00
   9.6630689e-01   3.0581390e-01   4.1760451e+00
  -1.1729016e-01  -4.4527294e-02   3.8332930e+00
   8.0008788e-03  -8.2442489e-01   6.5439566e+00
  -3.5291736e-01   1.1790159e-01   3.8710706e+00
  -4.8051049e-01  -6.3769954e-01   4.5548393e+00
  -2.2622023e-01   2.8804121e-02   4.4244731e+00
   6.6403380e-01   2.1786030e-01   4.2365981e+00
   4.7349411e-01   6.6642498e-01   4.6237194e+00
  -2.4157887e-01  -3.5249884e-01   4.5424885e+00
  -9.7396533e-01   9.7772419e-01   9.6907537e+00
   5.9480988e-01   9.8990052e-01   6.1501174e+00
  -4.6122240e-01   6.5230164e-01   5.8859515e+00
   1.6536978e-01   3.8830509e-01   4.7842471e+00
  -9.4889812e-01   4.6733960e-01   6.3923757e+00
   3.2440404e-01   7.5053762e-01   5.5371097e+00
  -2.2495315e-01   9.0302030e-01   7.0780630e+00
  -5.8524025e-03   7.0452585e-01   5.1921999e+00
  -1.7018833e-01   2.8187728e-01   4.3339876e+00
  -2.9825620e-01  -8.5300323e-01   6.1185163e+00
   1.0195581e-01   2.4676943e-01   4.2555202e+00
   9.4582138e-01  -2.9357222e-01   5.7389346e+00
  -7.7444757e-01  -6.7044275e-01   4.6658254e+00
  -3.7348294e-01   7.8633237e-01   6.7831507e+00
  -9.1640458e-01   6.4978096e-01   7.2760125e+00
   4.7679952e-01   5.3276848e-02   4.6258437e+00
   3.1502478e-01  -7.3101488e-02   3.7802776e+00
  -5.7072851e-01  -2.1397424e-02   4.5075552e+00
  -1.6649312e-01  -4.7855996e-01   4.4426541e+00
   2.8768387e-01  -1.9472415e-01   4.6247734e+00
   3.2296265e-01  -1.2666024e-01   3.9118285e+00
  -6.5904573e-01  -9.6988773e-01   5.6599387e+00
   7.6330447e-01   7.8581177e-01   4.8310244e+00
   5.5601632e-01  -9.4170136e-01   7.9957694e+00
  -7.3209158e-01  -2.5421423e-01   4.3501280e+00
   7.3783325e-01  -8.0825337e-01   7.4250091e+00
   4.9755576e-01  -6.0607136e-01   6.2831108e+00
   5.9717131e-01   8.8484122e-01   5.8881766e+00
   8.6690461e-02  -2.5745766e-01   4.7081563e+00
  -5.5832417e-01   4.5800160e-01   4.9995787e+00
   8.3691729e-01  -7.4767978e-01   7.7285772e+00
   1.8416916e-01  -4.9743416e-01   4.9624860e+00
  -3.0752418e-01   7.6247059e-01   5.8683935e+00
  -4.7244294e-01   8.0659230e-01   7.3397454e+00
   8.2783095e-01  -4.2472948e-01   6.2948424e+00
  -1.6052908e-01   9.3422626e-01   6.7699375e+00
   8.0383031e-02   3.3619867e-01   4.7112111e+00
   2.1688432e-01   6.0135471e-03   3.7977897e+00
   6.5249966e-01  -2.4399518e-01   5.4121055e+00
   2.4712637e-01  -3.2526341e-01   4.9798916e+00
  -6.4657568e-01   9.0402141e-01   8.4920091e+00
   1.8251471e-01   3.8666766e-01   4.7821587e+00
  -2.1467666e-02   6.8203400e-02   4.4180423e+00
   9.5815560e-02  -9.1302060e-01   6.2724701e+00
   3.9904124e-01  -5.0489825e-01   5.3049171e+00
  -5.0837767e-01   8.8634145e-01   7.3516598e+00
  -6.2674571e-01   1.1372033e-01   4.4420879e+00
  -7.7883370e-01  -2.8496354e-01   4.8864024e+00
  -4.5188149e-01  -9.8109925e-01   6.5687771e+00
  -9.7949992e-01  -4.9290347e-01   4.9342346e+00
   2.5871945e-01  -4.9154662e-01   5.1965677e+00
  -4.0965539e-01  -6.5862895e-01   4.6727543e+00
  -6.2542691e-01  -3.1004008e-01   4.2379558e+00
  -8.0942390e-01  -5.9470190e-01   4.6359740e+00
  -4.3248839e-01  -8.7419692e-01   5.3125731e+00
  -5.7015123e-01  -8.0407921e-01   5.3132505e+00
  -4.2879253e-01  -6.5449954e-03   4.0931217e+00
  -5.7180285e-02  -8.6067882e-01   6.2714203e+00
   9.8993642e-02   8.7030713e-01   6.1466025e+00
   6.9022623e-01  -5.8780473e-01   6.0465534e+00
   9.7701940e-01  -7.1575300e-02   5.3574277e+00
  -9.0226383e-01  -1.7066349e-01   4.2634276e+00
  -5.3576350e-01  -4.1732456e-01   4.2606075e+00
   2.8662285e-01  -3.5294297e-01   4.5917049e+00
  -6.7706687e-01  -5.7680483e-01   4.8328981e+00
   7.4029179e-01  -4.3946342e-01   6.0988962e+00
  -5.6519515e-01  -7.6578993e-01   5.0818825e+00
   4.8351008e-01   3.7850375e-01   4.0529258e+00
   3.0604103e-01   2.8905238e-01   3.9438858e+00
   5.9777102e-01  -3.7694119e-01   5.0758029e+00
  -9.3750488e-01   7.6059791e-01   7.9889151e+00
  -5.4085194e-01  -2.2724855e-01   4.1073652e+00
   4.0925500e-01   2.2217860e-01   3.7199907e+00
  -8.2487498e-01   4.6338652e-02   5.1176624e+00
  -9.3882103e-01  -3.4988639e-01   4.0938940e+00
  -2.8573013e-01   8.5958085e-01   6.6804977e+00
   1.7956398e-01   6.9640282e-01   5.2982078e+00
  -8.9555455e-01   6.8224590e-01   7.7581470e+00
  -8.6867267e-01   9.0857727e-01   9.2212708e+00
  -9.1299763e-01  -9.9503515e-01   5.6239907e+00
  -2.0969848e-01  -1.5761800e-02   3.8192818e+00
   3.3685409e-01   8.7582624e-01   5.5944830e+00
  -6.0394578e-01  -7.3114648e-01   5.2187150e+00
   7.5253290e-01  -5.1001172e-01   5.7201055e+00
  -1.3522181e-01   1.0123841e-02   3.5879210e+00
   2.3928293e-01   3.5684302e-01   4.4418372e+00
  -4.1914651e-01  -3.3448008e-01   4.0161076e+00
   2.3050915e-01  -3.8727066e-01   4.7324919e+00
   9.0731992e-01   5.5159582e-01   5.1448816e+00
  -1.0397057e-01  -9.3429212e-01   6.3917773e+00
  -5.8590032e-01   5.7159573e-01   5.6958910e+00
  -1.4926542e-01  -1.4291944e-01   3.6705624e+00
  -1.1085147e-01   2.5801891e-01   4.6511237e+00
   1.5234973e-02   4.1100605e-01   4.9520684e+00
   5.1466500e-02  -8.0306274e-01   6.1836286e+00
  -9.1514162e-01   8.0769233e-01   7.9447469e+00
  -6.7116183e-01   6.4462494e-01   6.1667363e+00
  -9.9545641e-02  -2.4923713e-01   3.8184508e+00
   4.1594234e-01  -6.1041134e-01   5.5124859e+00
   5.5517582e-01  -8.7438912e-01   7.3468861e+00
   5.5420600e-01  -3.8278215e-01   5.0104267e+00
   5.5575050e-03   4.2638392e-01   4.1946648e+00
   9.1349519e-01   6.2636343e-01   5.2798378e+00
  -3.3625257e-01  -3.4682340e-01   4.2620502e+00
  -3.7083675e-02  -5.5942023e-01   4.7973620e+00
   4.9674800e-01  -3.4521163e-01   5.2637940e+00
   7.1567904e-01   9.2873367e-01   5.8135235e+00
  -1.7107989e-01  -8.0781860e-01   6.1970566e+00
   6.9736903e-01  -6.7563310e-01   7.2013500e+00
  -1.1085812e-01   3.8847824e-01   4.1823492e+00
   4.3149417e-01  -7.2047300e-01   6.2435277e+00
  -9.8310327e-01  -4.6674821e-01   5.1575955e+00
  -9.4959715e-01   6.0635174e-01   6.9208174e+00
   8.8090099e-01  -3.9877643e-01   5.7269755e+00
  -7.9572410e-01   1.9403310e-01   4.7535431e+00
   3.2393558e-01   1.4562458e-01   4.0991582e+00
  -4.3348251e-01  -4.6911306e-01   4.0159816e+00
  -5.9831531e-01  -5.0253142e-01   4.0701837e+00
  -2.2333164e-01  -4.2064902e-01   4.3219292e+00
   8.5180319e-01   7.5188014e-01   5.2860260e+00
   1.4054842e-01  -9.6248371e-01   7.5594499e+00
   8.3342922e-01  -8.1672718e-01   7.9160228e+00
   4.0452848e-01  -3.1758008e-01   5.0159975e+00
