   2.1032715e+00   3.1129146e+01
   1.4693684e+00   2.4847610e+01
   9.5402327e-01   3.3860603e+01
  -8.4061744e-01   2.8894672e+01
   1.5682791e+00   4.0390148e+01
   8.8657653e-01   2.2025383e+01
   1.1466910e+00   2.7606866e+01
   5.4708047e+00   3.0234945e+02
  -1.0448578e+00   2.0528275e+01
   2.8094806e+00   6.5123937e+01
   5.5232537e+00   3.3116135e+02
   5.3705204e+00   2.7128333e+02
   5.6305486e-01   3.7188314e+01
   4.2822846e+00   1.1584472e+02
   1.2257047e+00   2.5340298e+01
   7.6047477e-01   2.3250232e+01
   2.6196256e+00   4.4262426e+01
   3.4230830e+00   6.2744911e+01
   4.6629094e+00   1.7556994e+02
  -1.5019675e+00   1.9272846e+01
   4.6767158e+00   1.6778295e+02
   1.5522139e+00   4.1107949e+01
   1.7724608e+00   2.8084458e+01
  -9.1763891e-01   2.3301405e+01
  -9.9696971e-01   2.4861150e+01
   4.0267425e+00   1.1651170e+02
  -4.6065583e-01   2.2646631e+01
   3.6383141e+00   7.1074200e+01
  -3.4337046e-01   4.3709684e+01
   2.1948632e+00   4.9849700e+01
  -8.5837622e-01   1.9622788e+01
   9.1675461e-01   4.3399181e+01
  -4.4575662e-01   2.5880365e+01
   8.6771248e-01   4.8397865e+01
  -1.7735596e+00   3.4797888e+01
   8.6293704e-01   2.7171641e+01
   5.0627401e+00   2.1149072e+02
   8.4942679e-01   2.9230124e+01
   2.4392398e+00   5.6468753e+01
  -3.3566242e-01   2.2234274e+01
   2.4597773e+00   3.9718869e+01
   2.7670968e+00   5.3842715e+01
   1.9489618e+00   5.2105609e+01
   3.5280987e+00   8.8625243e+01
   9.3902663e-01   2.0201688e+01
   1.3147826e+00   2.7935258e+01
   2.0694620e-01   2.0549626e+01
  -1.5252682e-01   2.6470488e+01
   1.2323243e+00   4.1672152e+01
   4.5378299e+00   1.4480898e+02
  -1.5750271e+00   3.1536525e+01
   4.4718875e+00   1.5663531e+02
   3.1672616e+00   6.7922826e+01
   9.8863282e-01   2.9950664e+01
  -1.9412108e+00   2.2541877e+01
   5.4823941e+00   3.0928094e+02
   4.7616488e+00   1.8340863e+02
  -1.8407716e+00   2.3307157e+01
  -4.3004298e-01   4.2181484e+01
  -1.1681603e+00   3.7365361e+01
   3.1465211e-02   3.5326618e+01
   5.9891028e+00   4.7218640e+02
   3.4339918e+00   7.7164417e+01
   1.1818294e+00   4.9037316e+01
   5.5360553e+00   3.2505977e+02
   4.5692649e+00   1.5985832e+02
   4.5766025e+00   1.3808008e+02
   1.2033889e+00   3.0302443e+01
   1.5567358e+00   3.8724443e+01
   3.4279240e+00   6.9784040e+01
   4.8184067e+00   1.7812657e+02
   7.1295021e-01   4.1146716e+01
   4.3873538e+00   1.2084508e+02
   1.5141572e+00   5.0029753e+01
   3.6846177e-01   1.8819877e+01
   5.7513907e+00   3.8290689e+02
   5.1621232e+00   2.3613132e+02
   7.9899898e-01   1.9557003e+01
  -9.2833156e-01   1.9290201e+01
   2.9133650e+00   6.5062807e+01
  -5.4594403e-01   4.1930982e+01
  -9.4332633e-01   4.5099088e+01
  -9.9230516e-01   2.0295142e+01
   4.4134260e+00   1.4839257e+02
   3.9937205e+00   8.9303056e+01
  -1.6306954e+00   1.7792544e+01
  -8.1122859e-02   3.2766415e+01
   4.0965141e+00   1.1265375e+02
   2.1702641e+00   3.5520947e+01
   2.5502124e+00   5.6641781e+01
