   2.1032715e+00   4.5141641e+01
   1.4693684e+00   2.3480321e+01
   9.5402327e-01   1.6538396e+01
  -8.4061744e-01   1.7146976e+01
   1.5682791e+00   3.7888337e+01
   8.8657653e-01   1.4941104e+01
   1.1466910e+00   1.4276308e+01
   5.4708047e+00   1.9655771e+02
  -1.0448578e+00   2.3470416e+01
   2.8094806e+00   7.3968631e+01
   5.5232537e+00   1.8410202e+02
   5.3705204e+00   1.9177141e+02
   5.6305486e-01   5.4209093e+00
   4.2822846e+00   1.3618733e+02
   1.2257047e+00   4.1204997e+01
   7.6047477e-01   2.9229650e+01
   2.6196256e+00   5.0611114e+01
   3.4230830e+00   8.6895243e+01
   4.6629094e+00   1.4623842e+02
  -1.5019675e+00   1.7598403e+01
   4.6767158e+00   1.5832965e+02
   1.5522139e+00   2.8000747e+01
   1.7724608e+00   4.6331094e+01
  -9.1763891e-01   3.9581409e+00
  -9.9696971e-01   2.6796595e+01
   4.0267425e+00   1.2365249e+02
  -4.6065583e-01   1.1582074e+01
   3.6383141e+00   1.0071912e+02
  -3.4337046e-01   1.8216964e+00
   2.1948632e+00   4.4015764e+01
  -8.5837622e-01   1.4762457e+01
   9.1675461e-01   1.1321637e+01
  -4.4575662e-01   2.2374881e+01
   8.6771248e-01   3.2034830e+01
  -1.7735596e+00   2.7615981e+01
   8.6293704e-01   2.7191723e+01
   5.0627401e+00   1.5979644e+02
   8.4942679e-01   3.0334636e+01
   2.4392398e+00   5.4248038e+01
  -3.3566242e-01   1.0382980e+01
   2.4597773e+00   4.7248497e+01
   2.7670968e+00   8.1859226e+01
   1.9489618e+00   4.7883714e+01
   3.5280987e+00   8.7364470e+01
   9.3902663e-01   3.2323184e+01
   1.3147826e+00   4.6756108e+01
   2.0694620e-01   2.4603392e+01
  -1.5252682e-01   1.8475910e+01
   1.2323243e+00   4.4311780e+01
   4.5378299e+00   1.5298498e+02
  -1.5750271e+00   1.7162226e+01
   4.4718875e+00   1.4329474e+02
   3.1672616e+00   8.8364036e+01
   9.8863282e-01   1.3368453e+01
  -1.9412108e+00   6.1609931e+00
   5.4823941e+00   1.8319293e+02
   4.7616488e+00   1.3581793e+02
  -1.8407716e+00   1.6960540e+01
  -4.3004298e-01   2.6909547e+01
  -1.1681603e+00   2.3145440e+01
   3.1465211e-02   5.1094782e+00
   5.9891028e+00   2.0660698e+02
   3.4339918e+00   1.0700442e+02
   1.1818294e+00   3.3230522e+01
   5.5360553e+00   1.7794532e+02
   4.5692649e+00   1.3644793e+02
   4.5766025e+00   1.2677911e+02
   1.2033889e+00   3.7021019e+01
   1.5567358e+00   5.1389385e+01
   3.4279240e+00   8.6671813e+01
   4.8184067e+00   1.4921585e+02
   7.1295021e-01   2.8602580e+01
   4.3873538e+00   1.1897370e+02
   1.5141572e+00   2.5617572e+01
   3.6846177e-01   1.9231763e+01
   5.7513907e+00   2.1025676e+02
   5.1621232e+00   1.6139008e+02
   7.9899898e-01   3.3510739e+01
  -9.2833156e-01  -2.1273677e+00
   2.9133650e+00   6.6709357e+01
  -5.4594403e-01   2.3972647e+01
  -9.4332633e-01   1.4870568e+01
  -9.9230516e-01   1.3053656e+01
   4.4134260e+00   1.2859390e+02
   3.9937205e+00   1.1209653e+02
  -1.6306954e+00   1.0574134e+01
  -8.1122859e-02   7.2844415e+00
   4.0965141e+00   1.2325835e+02
   2.1702641e+00   4.9558737e+01
   2.5502124e+00   6.2646368e+01
